0    0       16.875
0    10       13.7784
1    1       16.875
1    11       13.7784
2    2       28.125
2    16       17.7878
3    3       28.125
3    17       17.7878
4    4       28.125
4    18       17.7878
5    5       28.125
5    19       17.7878
6    6       39.375
6    24       21.0468
7    7       39.375
7    25       21.0468
8    8       39.375
8    26       21.0468
9    9       39.375
9    27       21.0468
10    0       13.7784
10    10       39.375
10    28       25.1558
11    1       13.7784
11    11       39.375
11    29       25.1558
12    12       50.625
12    34       23.8649
13    13       50.625
13    35       23.8649
14    14       50.625
14    36       23.8649
15    15       50.625
15    37       23.8649
16    2       17.7878
16    16       50.625
16    38       29.7647
17    3       17.7878
17    17       50.625
17    39       29.7647
18    4       17.7878
18    18       50.625
18    40       29.7647
19    5       17.7878
19    19       50.625
19    41       29.7647
20    20       61.875
20    46       26.3836
21    21       61.875
21    47       26.3836
22    22       61.875
22    48       26.3836
23    23       61.875
23    49       26.3836
24    6       21.0468
24    24       61.875
24    50       33.75
25    7       21.0468
25    25       61.875
25    51       33.75
26    8       21.0468
26    26       61.875
26    52       33.75
27    9       21.0468
27    27       61.875
27    53       33.75
28    10       25.1558
28    28       61.875
28    54       36.4542
29    11       25.1558
29    29       61.875
29    55       36.4542
30    30       73.125
31    31       73.125
32    32       73.125
33    33       73.125
34    12       23.8649
34    34       73.125
35    13       23.8649
35    35       73.125
36    14       23.8649
36    36       73.125
37    15       23.8649
37    37       73.125
38    16       29.7647
38    38       73.125
39    17       29.7647
39    39       73.125
40    18       29.7647
40    40       73.125
41    19       29.7647
41    41       73.125
42    42       84.375
43    43       84.375
44    44       84.375
45    45       84.375
46    20       26.3836
46    46       84.375
47    21       26.3836
47    47       84.375
48    22       26.3836
48    48       84.375
49    23       26.3836
49    49       84.375
50    24       33.75
50    50       84.375
51    25       33.75
51    51       84.375
52    26       33.75
52    52       84.375
53    27       33.75
53    53       84.375
54    28       36.4542
54    54       84.375
55    29       36.4542
55    55       84.375
