0    0       16.4661
0    10       -12.5589
0    28       4.75149
0    54       0.748922
1    1       16.6593
1    11       -12.77
1    29       4.62021
1    55       -0.758367
2    2       26.8375
2    16       15.9699
2    38       6.20733
3    3       27.0604
3    17       16.1208
3    39       6.20111
4    4       24.5377
4    18       15.1071
4    40       5.8475
5    5       24.9357
5    19       15.3279
5    41       5.93723
6    6       30.9749
6    24       16.3995
6    50       5.45933
7    7       31.6712
7    25       16.7912
7    51       5.70944
8    8       24.5896
8    26       11.1403
8    52       2.39127
9    9       25.1472
9    27       11.802
9    53       2.57992
10    0       -12.5589
10    10       23.3281
10    28       -15.9745
10    54       -4.41647
11    1       -12.77
11    11       24.0377
11    29       -16.6992
11    55       4.73903
12    12       38.8577
12    34       -12.8956
13    13       39.2411
13    35       -13.5572
14    14       36.0288
14    36       -5.29799
15    15       36.1419
15    37       -5.82239
16    2       15.9699
16    16       33.4601
16    38       12.0928
17    3       16.1208
17    17       33.602
17    39       12.808
18    4       15.1071
18    18       34.9133
18    40       10.435
19    5       15.3279
19    19       34.8088
19    41       11.0453
20    20       45.784
20    46       -8.66765
21    21       45.9804
21    47       -9.26422
22    22       44.5779
22    48       -2.77844
23    23       44.6204
23    49       -3.18478
24    6       16.3995
24    24       46.3246
24    50       10.6016
25    7       16.7912
25    25       45.9109
25    51       11.1554
26    8       11.1403
26    26       51.0975
26    52       7.08907
27    9       11.802
27    27       50.7036
27    53       7.63584
28    0       4.75149
28    10       -15.9745
28    28       50.4834
28    54       10.4178
29    1       4.62021
29    11       -16.6992
29    29       49.8856
29    55       -11.0429
30    30       73.125
31    31       73.125
32    32       73.125
33    33       73.125
34    12       -12.8956
34    34       84.8923
35    13       -13.5572
35    35       84.5089
36    14       -5.29799
36    36       87.7212
37    15       -5.82239
37    37       87.6081
38    2       6.20733
38    16       12.0928
38    38       91.5774
39    3       6.20111
39    17       12.808
39    39       91.2126
40    4       5.8475
40    18       10.435
40    40       92.4241
41    5       5.93723
41    19       11.0453
41    41       92.1305
42    42       84.375
43    43       84.375
44    44       84.375
45    45       84.375
46    20       -8.66765
46    46       100.466
47    21       -9.26422
47    47       100.27
48    22       -2.77844
48    48       101.672
49    23       -3.18478
49    49       101.63
50    6       5.45933
50    24       10.6016
50    50       108.326
51    7       5.70944
51    25       11.1554
51    51       108.043
52    8       2.39127
52    26       7.08907
52    52       109.938
53    9       2.57992
53    27       7.63584
53    53       109.774
54    0       0.748922
54    10       -4.41647
54    28       10.4178
54    54       112.222
55    1       -0.758367
55    11       4.73903
55    29       -11.0429
55    55       111.917
