Reading settings file settings.inp
parameter: [inputsps] = [../input/s.sps]
parameter: [inputtbme] = [../input/vspsd.int]
Reading in the modelspace
Set hbar_omega to 24
done reading header
done reading interaction
Setting up the kets
Creating H_bare
In Operator the modelspace has norbits = 12
OneBody size = 144
TwoBody size = 3081
Calculating the kinetic energy
Reading in the TBME 
Onebody =  
   13.5000         0         0         0         0         0         0         0         0         0   11.0227         0
         0   13.5000         0         0         0         0         0         0         0         0         0   11.0227
         0         0   22.5000         0         0         0         0         0         0         0         0         0
         0         0         0   22.5000         0         0         0         0         0         0         0         0
         0         0         0         0   22.5000         0         0         0         0         0         0         0
         0         0         0         0         0   22.5000         0         0         0         0         0         0
         0         0         0         0         0         0   31.5000         0         0         0         0         0
         0         0         0         0         0         0         0   31.5000         0         0         0         0
         0         0         0         0         0         0         0         0   31.5000         0         0         0
         0         0         0         0         0         0         0         0         0   31.5000         0         0
   11.0227         0         0         0         0         0         0         0         0         0   31.5000         0
         0   11.0227         0         0         0         0         0         0         0         0         0   31.5000
One body norm = 93.9628
Norm of H_bare = 151.031
setting up HF
solving HF
Input t
   13.5000         0         0         0         0         0         0         0         0         0   11.0227         0
         0   13.5000         0         0         0         0         0         0         0         0         0   11.0227
         0         0   22.5000         0         0         0         0         0         0         0         0         0
         0         0         0   22.5000         0         0         0         0         0         0         0         0
         0         0         0         0   22.5000         0         0         0         0         0         0         0
         0         0         0         0         0   22.5000         0         0         0         0         0         0
         0         0         0         0         0         0   31.5000         0         0         0         0         0
         0         0         0         0         0         0         0   31.5000         0         0         0         0
         0         0         0         0         0         0         0         0   31.5000         0         0         0
         0         0         0         0         0         0         0         0         0   31.5000         0         0
   11.0227         0         0         0         0         0         0         0         0         0   31.5000         0
         0   11.0227         0         0         0         0         0         0         0         0         0   31.5000
Input Vab
  -22.8226         0         0         0         0         0         0         0         0         0   -4.9825         0
         0  -23.8075         0         0         0         0         0         0         0         0         0   -5.2137
         0         0   -9.0634         0         0         0         0         0         0         0         0         0
         0         0         0  -10.4028         0         0         0         0         0         0         0         0
         0         0         0         0    0.9099         0         0         0         0         0         0         0
         0         0         0         0         0   -0.4888         0         0         0         0         0         0
         0         0         0         0         0         0   -7.2625         0         0         0         0         0
         0         0         0         0         0         0         0   -8.4732         0         0         0         0
         0         0         0         0         0         0         0         0    1.0196         0         0         0
         0         0         0         0         0         0         0         0         0   -0.2403         0         0
   -4.9825         0         0         0         0         0         0         0         0         0   -4.5753         0
         0   -5.2137         0         0         0         0         0         0         0         0         0   -5.8980
Input H
   -9.3226         0         0         0         0         0         0         0         0         0    6.0402         0
         0  -10.3075         0         0         0         0         0         0         0         0         0    5.8090
         0         0   13.4366         0         0         0         0         0         0         0         0         0
         0         0         0   12.0972         0         0         0         0         0         0         0         0
         0         0         0         0   23.4099         0         0         0         0         0         0         0
         0         0         0         0         0   22.0112         0         0         0         0         0         0
         0         0         0         0         0         0   24.2375         0         0         0         0         0
         0         0         0         0         0         0         0   23.0268         0         0         0         0
         0         0         0         0         0         0         0         0   32.5196         0         0         0
         0         0         0         0         0         0         0         0         0   31.2597         0         0
    6.0402         0         0         0         0         0         0         0         0         0   26.9247         0
         0    5.8090         0         0         0         0         0         0         0         0         0   25.6020
output H
   -6.4327         0         0         0         0         0         0         0         0         0    7.7110         0
         0   -7.3057         0         0         0         0         0         0         0         0         0    7.4491
         0         0   13.5051         0         0         0         0         0         0         0         0         0
         0         0         0   12.2721         0         0         0         0         0         0         0         0
         0         0         0         0   19.6831         0         0         0         0         0         0         0
         0         0         0         0         0   18.4290         0         0         0         0         0         0
         0         0         0         0         0         0   24.8261         0         0         0         0         0
         0         0         0         0         0         0         0   23.6563         0         0         0         0
         0         0         0         0         0         0         0         0   31.0135         0         0         0
         0         0         0         0         0         0         0         0         0   29.8161         0         0
    7.7110         0         0         0         0         0         0         0         0         0   26.8174         0
         0    7.4491         0         0         0         0         0         0         0         0         0   25.5920
output t
   13.5000         0         0         0         0         0         0         0         0         0   11.0227         0
         0   13.5000         0         0         0         0         0         0         0         0         0   11.0227
         0         0   22.5000         0         0         0         0         0         0         0         0         0
         0         0         0   22.5000         0         0         0         0         0         0         0         0
         0         0         0         0   22.5000         0         0         0         0         0         0         0
         0         0         0         0         0   22.5000         0         0         0         0         0         0
         0         0         0         0         0         0   31.5000         0         0         0         0         0
         0         0         0         0         0         0         0   31.5000         0         0         0         0
         0         0         0         0         0         0         0         0   31.5000         0         0         0
         0         0         0         0         0         0         0         0         0   31.5000         0         0
   11.0227         0         0         0         0         0         0         0         0         0   31.5000         0
         0   11.0227         0         0         0         0         0         0         0         0         0   31.5000
Output Vab
  -19.9327         0         0         0         0         0         0         0         0         0   -3.3117         0
         0  -20.8057         0         0         0         0         0         0         0         0         0   -3.5736
         0         0   -8.9949         0         0         0         0         0         0         0         0         0
         0         0         0  -10.2279         0         0         0         0         0         0         0         0
         0         0         0         0   -2.8169         0         0         0         0         0         0         0
         0         0         0         0         0   -4.0710         0         0         0         0         0         0
         0         0         0         0         0         0   -6.6739         0         0         0         0         0
         0         0         0         0         0         0         0   -7.8437         0         0         0         0
         0         0         0         0         0         0         0         0   -0.4865         0         0         0
         0         0         0         0         0         0         0         0         0   -1.6839         0         0
   -3.3117         0         0         0         0         0         0         0         0         0   -4.6826         0
         0   -3.5736         0         0         0         0         0         0         0         0         0   -5.9080
Cia:
  -0.9765        0        0        0        0        0        0        0        0        0   0.2154        0
        0  -0.9775        0        0        0        0        0        0        0        0        0   0.2110
        0        0   1.0000        0        0        0        0        0        0        0        0        0
        0        0        0   1.0000        0        0        0        0        0        0        0        0
        0        0        0        0   1.0000        0        0        0        0        0        0        0
        0        0        0        0        0   1.0000        0        0        0        0        0        0
        0        0        0        0        0        0   1.0000        0        0        0        0        0
        0        0        0        0        0        0        0   1.0000        0        0        0        0
        0        0        0        0        0        0        0        0   1.0000        0        0        0
        0        0        0        0        0        0        0        0        0   1.0000        0        0
   0.2154        0        0        0        0        0        0        0        0        0   0.9765        0
        0   0.2110        0        0        0        0        0        0        0        0        0   0.9775
Transformed: 
T: 
    9.6975         0         0         0         0         0         0         0         0         0   -6.2126         0
         0    9.7543         0         0         0         0         0         0         0         0         0   -6.3283
         0         0   22.5000         0         0         0         0         0         0         0         0         0
         0         0         0   22.5000         0         0         0         0         0         0         0         0
         0         0         0         0   22.5000         0         0         0         0         0         0         0
         0         0         0         0         0   22.5000         0         0         0         0         0         0
         0         0         0         0         0         0   31.5000         0         0         0         0         0
         0         0         0         0         0         0         0   31.5000         0         0         0         0
         0         0         0         0         0         0         0         0   31.5000         0         0         0
         0         0         0         0         0         0         0         0         0   31.5000         0         0
   -6.2126         0         0         0         0         0         0         0         0         0   35.3025         0
         0   -6.3283         0         0         0         0         0         0         0         0         0   35.2457
Vab: 
  -17.8315         0         0         0         0         0         0         0         0         0    6.2126         0
         0  -18.6681         0         0         0         0         0         0         0         0         0    6.3283
         0         0   -8.9949         0         0         0         0         0         0         0         0         0
         0         0         0  -10.2279         0         0         0         0         0         0         0         0
         0         0         0         0   -2.8169         0         0         0         0         0         0         0
         0         0         0         0         0   -4.0710         0         0         0         0         0         0
         0         0         0         0         0         0   -6.6739         0         0         0         0         0
         0         0         0         0         0         0         0   -7.8437         0         0         0         0
         0         0         0         0         0         0         0         0   -0.4865         0         0         0
         0         0         0         0         0         0         0         0         0   -1.6839         0         0
    6.2126         0         0         0         0         0         0         0         0         0   -6.7839         0
         0    6.3283         0         0         0         0         0         0         0         0         0   -8.0456
H: 
  -8.1339e+00        0e+00        0e+00        0e+00        0e+00        0e+00        0e+00        0e+00        0e+00        0e+00   4.4409e-16        0e+00
        0e+00  -8.9138e+00        0e+00        0e+00        0e+00        0e+00        0e+00        0e+00        0e+00        0e+00        0e+00  -1.9984e-15
        0e+00        0e+00   1.3505e+01        0e+00        0e+00        0e+00        0e+00        0e+00        0e+00        0e+00        0e+00        0e+00
        0e+00        0e+00        0e+00   1.2272e+01        0e+00        0e+00        0e+00        0e+00        0e+00        0e+00        0e+00        0e+00
        0e+00        0e+00        0e+00        0e+00   1.9683e+01        0e+00        0e+00        0e+00        0e+00        0e+00        0e+00        0e+00
        0e+00        0e+00        0e+00        0e+00        0e+00   1.8429e+01        0e+00        0e+00        0e+00        0e+00        0e+00        0e+00
        0e+00        0e+00        0e+00        0e+00        0e+00        0e+00   2.4826e+01        0e+00        0e+00        0e+00        0e+00        0e+00
        0e+00        0e+00        0e+00        0e+00        0e+00        0e+00        0e+00   2.3656e+01        0e+00        0e+00        0e+00        0e+00
        0e+00        0e+00        0e+00        0e+00        0e+00        0e+00        0e+00        0e+00   3.1013e+01        0e+00        0e+00        0e+00
        0e+00        0e+00        0e+00        0e+00        0e+00        0e+00        0e+00        0e+00        0e+00   2.9816e+01        0e+00        0e+00
  -8.8818e-16        0e+00        0e+00        0e+00        0e+00        0e+00        0e+00        0e+00        0e+00        0e+00   2.8519e+01        0e+00
        0e+00  -1.7764e-15        0e+00        0e+00        0e+00        0e+00        0e+00        0e+00        0e+00        0e+00        0e+00   2.7200e+01
Energies: 
   -8.1339
   -8.9138
   13.5051
   12.2721
   19.6831
   18.4290
   24.8261
   23.6563
   31.0135
   29.8161
   28.5186
   27.2001
After transformation, one body piece is
    9.6975         0         0         0         0         0         0         0         0         0   -6.2126         0
         0    9.7543         0         0         0         0         0         0         0         0         0   -6.3283
         0         0   22.5000         0         0         0         0         0         0         0         0         0
         0         0         0   22.5000         0         0         0         0         0         0         0         0
         0         0         0         0   22.5000         0         0         0         0         0         0         0
         0         0         0         0         0   22.5000         0         0         0         0         0         0
         0         0         0         0         0         0   31.5000         0         0         0         0         0
         0         0         0         0         0         0         0   31.5000         0         0         0         0
         0         0         0         0         0         0         0         0   31.5000         0         0         0
         0         0         0         0         0         0         0         0         0   31.5000         0         0
   -6.2126         0         0         0         0         0         0         0         0         0   35.3025         0
         0   -6.3283         0         0         0         0         0         0         0         0         0   35.2457
***** Bare Two Body Part *****
J,p,t = 0 0 -1
| 0 0 >  | 2 2 >  | 4 4 >  | 6 6 >  | 8 8 >  | 0 10 >  | 10 10 >  
   -7.1160   -2.8931   -2.0457    0.9737    0.7950   -1.6528    1.4054
   -2.8931   -0.0952   -4.6546   -9.0573    1.0935   -7.9441   -4.1775
   -2.0457   -4.6546    3.1961    2.4173  -10.0312   -5.6173   -2.9540
    0.9737   -9.0573    2.4173    3.1987   -3.7834    1.9082    0.1814
    0.7950    1.0935  -10.0312   -3.7834    4.7433    1.5580    0.1481
   -1.6528   -7.9441   -5.6173    1.9082    1.5580   -3.3865    1.1014
    1.4054   -4.1775   -2.9540    0.1814    0.1481    1.1014   -0.5025

J,p,t = 1 0 -1
| 2 4 >  | 0 8 >  | 6 8 >  | 0 10 >  | 8 10 >  
   0.0612  -2.6806  -7.1258  -2.5682   0.0435
  -2.6806   1.5768   1.1502   3.1687   0.9609
  -7.1258   1.1502   0.8779   2.4059  -0.4745
  -2.5682   3.1687   2.4059   0.7205   1.8297
   0.0435   0.9609  -0.4745   1.8297   0.1279

J,p,t = 2 0 -1
| 2 2 >  | 2 4 >  | 0 6 >  | 6 6 >  | 0 8 >  | 6 8 >  | 8 8 >  | 6 10 >  | 8 10 >  
  -1.3752  -1.8920  -2.1087  -4.6781  -5.6925   3.0711  -0.6499  -1.2239   2.3679
  -1.8920  -2.7130  -7.1088   0.2503  -2.9965  -4.3336  -1.8757  -3.1531   1.6068
  -2.1087  -7.1088  -0.7056  -1.0792  -4.0972   1.3047   0.9055   0.5615   1.0227
  -4.6781   0.2503  -1.0792  -0.6239   1.8459  -0.1699  -0.6803  -0.3535   0.5902
  -5.6925  -2.9965  -4.0972   1.8459   0.9671  -1.2273  -0.7087  -1.0227  -0.9790
   3.0711  -4.3336   1.3047  -0.1699  -1.2273   0.2963  -1.2217   0.3849   1.1949
  -0.6499  -1.8757   0.9055  -0.6803  -0.7087  -1.2217   0.7582  -1.2608  -0.7627
  -1.2239  -3.1531   0.5615  -0.3535  -1.0227   0.3849  -1.2608  -0.8301   2.4665
   2.3679   1.6068   1.0227   0.5902  -0.9790   1.1949  -0.7627   2.4665   0.1769

J,p,t = 3 0 -1
| 0 6 >  | 6 8 >  | 6 10 >  
  -2.2122   0.3513   1.1799
   0.3513  -0.4073  -0.4828
   1.1799  -0.4828  -0.0977

J,p,t = 4 0 -1
| 6 6 >  | 6 8 >  
  -0.1154  -1.3909
  -1.3909  -2.2018

J,p,t = 5 0 -1

[matrix size: 0x0]

J,p,t = 6 0 -1

[matrix size: 0x0]

J,p,t = 7 0 -1

[matrix size: 0x0]

J,p,t = 8 0 -1

[matrix size: 0x0]

J,p,t = 9 0 -1

[matrix size: 0x0]

J,p,t = 10 0 -1

[matrix size: 0x0]

J,p,t = 11 0 -1

[matrix size: 0x0]

J,p,t = 12 0 -1

[matrix size: 0x0]

J,p,t = 13 0 -1

[matrix size: 0x0]

J,p,t = 14 0 -1

[matrix size: 0x0]

J,p,t = 15 0 -1

[matrix size: 0x0]

J,p,t = 16 0 -1

[matrix size: 0x0]

J,p,t = 17 0 -1

[matrix size: 0x0]

J,p,t = 18 0 -1

[matrix size: 0x0]

J,p,t = 19 0 -1

[matrix size: 0x0]

J,p,t = 20 0 -1

[matrix size: 0x0]

J,p,t = 21 0 -1

[matrix size: 0x0]

J,p,t = 22 0 -1

[matrix size: 0x0]

J,p,t = 23 0 -1

[matrix size: 0x0]

J,p,t = 24 0 -1

[matrix size: 0x0]

J,p,t = 25 0 -1

[matrix size: 0x0]

J,p,t = 26 0 -1

[matrix size: 0x0]

J,p,t = 27 0 -1

[matrix size: 0x0]

J,p,t = 28 0 -1

[matrix size: 0x0]

J,p,t = 29 0 -1

[matrix size: 0x0]

J,p,t = 0 1 -1
| 0 4 >  | 2 8 >  | 4 10 >  
   1.0833  -5.7400   2.7433
  -5.7400   0.4690  -6.1315
   2.7433  -6.1315   1.6923

J,p,t = 1 1 -1
| 0 2 >  | 0 4 >  | 2 6 >  | 2 8 >  | 4 8 >  | 2 10 >  | 4 10 >  
  -3.5815  -9.2411  -5.3028   3.1334   0.4311   0.3481   4.5073
  -9.2411   2.9529   2.4883  -6.1016  -4.3446  -4.5073  -3.5352
  -5.3028   2.4883   0.8894  -3.3143  -4.1263  -6.1090   0.6471
   3.1334  -6.1016  -3.3143   3.2305   1.5302   2.5578   6.7129
   0.4311  -4.3446  -4.1263   1.5302   1.5607  -2.7367   3.0515
   0.3481  -4.5073  -6.1090   2.5578  -2.7367  -1.6743   5.4148
   4.5073  -3.5352   0.6471   6.7129   3.0515   5.4148   2.1546

J,p,t = 2 1 -1
| 0 2 >  | 2 6 >  | 4 6 >  | 2 8 >  | 4 8 >  | 2 10 >  
   0.7878  -2.1698  -2.8968   1.7325  -0.7834  -0.5658
  -2.1698  -0.0183  -0.5281   2.3283   0.3452   2.5634
  -2.8968  -0.5281  -0.7453  -2.7532   1.3068   1.1572
   1.7325   2.3283  -2.7532  -1.3391  -2.4513  -1.3607
  -0.7834   0.3452   1.3068  -2.4513   5.0052  -1.6101
  -0.5658   2.5634   1.1572  -1.3607  -1.6101   1.5379

J,p,t = 3 1 -1
| 2 6 >  | 4 6 >  | 2 8 >  
  -4.0458   0.7567  -5.4637
   0.7567  -2.2249   7.9253
  -5.4637   7.9253   0.1125

J,p,t = 4 1 -1
| 2 6 >  
   5.4790

J,p,t = 5 1 -1

[matrix size: 0x0]

J,p,t = 6 1 -1

[matrix size: 0x0]

J,p,t = 7 1 -1

[matrix size: 0x0]

J,p,t = 8 1 -1

[matrix size: 0x0]

J,p,t = 9 1 -1

[matrix size: 0x0]

J,p,t = 10 1 -1

[matrix size: 0x0]

J,p,t = 11 1 -1

[matrix size: 0x0]

J,p,t = 12 1 -1

[matrix size: 0x0]

J,p,t = 13 1 -1

[matrix size: 0x0]

J,p,t = 14 1 -1

[matrix size: 0x0]

J,p,t = 15 1 -1

[matrix size: 0x0]

J,p,t = 16 1 -1

[matrix size: 0x0]

J,p,t = 17 1 -1

[matrix size: 0x0]

J,p,t = 18 1 -1

[matrix size: 0x0]

J,p,t = 19 1 -1

[matrix size: 0x0]

J,p,t = 20 1 -1

[matrix size: 0x0]

J,p,t = 21 1 -1

[matrix size: 0x0]

J,p,t = 22 1 -1

[matrix size: 0x0]

J,p,t = 23 1 -1

[matrix size: 0x0]

J,p,t = 24 1 -1

[matrix size: 0x0]

J,p,t = 25 1 -1

[matrix size: 0x0]

J,p,t = 26 1 -1

[matrix size: 0x0]

J,p,t = 27 1 -1

[matrix size: 0x0]

J,p,t = 28 1 -1

[matrix size: 0x0]

J,p,t = 29 1 -1

[matrix size: 0x0]

J,p,t = 0 0 0
| 0 1 >  | 2 3 >  | 4 5 >  | 6 7 >  | 8 9 >  | 1 10 >  | 0 11 >  | 10 11 >  
  -8.5105  -2.3715  -1.6769   0.7389   0.6033  -1.6204  -1.6204   1.0665
  -2.3715  -1.2322  -4.9694  -8.5244   1.4022  -5.6375  -5.6375  -4.0193
  -1.6769  -4.9694   2.2817   2.6628  -9.6521  -3.9863  -3.9863  -2.8421
   0.7389  -8.5244   2.6628   2.2047  -4.0609   1.4630   1.4630   0.0271
   0.6033   1.4022  -9.6521  -4.0609   3.8626   1.1945   1.1945   0.0221
  -1.6204  -5.6375  -3.9863   1.4630   1.1945   0.5700  -5.3161   0.4912
  -1.6204  -5.6375  -3.9863   1.4630   1.1945  -5.3161   0.5700   0.4912
   1.0665  -4.0193  -2.8421   0.0271   0.0221   0.4912   0.4912  -1.3443

J,p,t = 1 0 0
| 0 1 >  | 2 3 >  | 3 4 >  | 2 5 >  | 4 5 >  | 6 7 >  | 1 8 >  | 7 8 >  | 0 9 >  | 6 9 >  | 8 9 >  | 1 10 >  | 9 10 >  | 0 11 >  | 8 11 >  | 10 11 >  
  -7.6343  -3.7901   1.3417  -1.3417   7.8902   2.1084  -6.1086  -1.3156   6.1086   1.3156  -3.5068   2.0024   5.8896  -2.0024  -5.8896   0.6921
  -3.7901   1.5071  -3.2703   3.2703   2.2990  -9.8102   2.9221   1.9969  -2.9221  -1.9969  -0.1448   3.6855  -2.2340  -3.6855   2.2340  -2.9688
   1.3417  -3.2703  -2.0642   1.6071  -1.5874   0.6989  -3.0923  -5.8341   0.5217  -1.2017   3.7162   1.3730  -1.0608  -3.9139   1.1030  -1.0901
  -1.3417   3.2703   1.6071  -2.0642   1.5874  -0.6989   0.5217  -1.2017  -3.0923  -5.8341  -3.7162  -3.9139   1.1030   1.3730  -1.0608   1.0901
   7.8902   2.2990  -1.5874   1.5874   0.0061  -1.0219  -7.1757  -1.7502   7.1757   1.7502  -8.5642  -2.0889   2.0023   2.0889  -2.0023   3.1524
   2.1084  -9.8102   0.6989  -0.6989  -1.0219   3.1859  -0.0133  -2.2291   0.0133   2.2291   3.8939  -0.0709   0.4664   0.0709  -0.4664   0.4036
  -6.1086   2.9221  -3.0923   0.5217  -7.1757  -0.0133  -0.5820  -0.3884   1.6384   1.4890  -0.6092   2.3791  -1.7953   0.6932   2.7133   2.0517
  -1.3156   1.9969  -5.8341  -1.2017  -1.7502  -2.2291  -0.3884  -0.9399   1.4890   1.3308  -0.4766  -0.0951   0.3260   2.4877  -0.7975  -1.3216
   6.1086  -2.9221   0.5217  -3.0923   7.1757   0.0133   1.6384   1.4890  -0.5820  -0.3884   0.6092   0.6932   2.7133   2.3791  -1.7953  -2.0517
   1.3156  -1.9969  -1.2017  -5.8341   1.7502   2.2291   1.4890   1.3308  -0.3884  -0.9399   0.4766   2.4877  -0.7975  -0.0951   0.3260   1.3216
  -3.5068  -0.1448   3.7162  -3.7162  -8.5642   3.8939  -0.6092  -0.4766   0.6092   0.4766   2.3252  -0.7726  -0.2072   0.7726   0.2072  -1.3845
   2.0024   3.6855   1.3730  -3.9139  -2.0889  -0.0709   2.3791  -0.0951   0.6932   2.4877  -0.7726  -2.8319  -0.1622   2.9920   1.9350   0.5713
   5.8896  -2.2340  -1.0608   1.1030   2.0023   0.4664  -1.7953   0.3260   2.7133  -0.7975  -0.2072  -0.1622  -1.3682   1.9350   1.0279  -0.7884
  -2.0024  -3.6855  -3.9139   1.3730   2.0889   0.0709   0.6932   2.4877   2.3791  -0.0951   0.7726   2.9920   1.9350  -2.8319  -0.1622  -0.5713
  -5.8896   2.2340   1.1030  -1.0608  -2.0023  -0.4664   2.7133  -0.7975  -1.7953   0.3260   0.2072   1.9350   1.0279  -0.1622  -1.3682   0.7884
   0.6921  -2.9688  -1.0901   1.0901   3.1524   0.4036   2.0517  -1.3216  -2.0517   1.3216  -1.3845   0.5713  -0.7884  -0.5713   0.7884  -2.7462

J,p,t = 2 0 0
| 2 3 >  | 3 4 >  | 2 5 >  | 1 6 >  | 0 7 >  | 6 7 >  | 1 8 >  | 7 8 >  | 0 9 >  | 6 9 >  | 8 9 >  | 7 10 >  | 9 10 >  | 6 11 >  | 8 11 >  
  -2.0602  -1.4635  -1.4635  -1.6640  -1.6640  -4.5040  -4.1094   2.1769  -4.1094   2.1769  -0.5454  -0.8267   1.6377  -0.8267   1.6377
  -1.4635  -5.1412   1.6175  -1.5111  -5.8596   0.2766  -4.2966  -1.5118   1.0292  -2.6405  -1.2360  -3.3613  -1.4665   0.2930   3.0090
  -1.4635   1.6175  -5.1412  -5.8596  -1.5111   0.2766   1.0292  -2.6405  -4.2966  -1.5118  -1.2360   0.2930   3.0090  -3.3613  -1.4665
  -1.6640  -1.5111  -5.8596  -0.3491  -1.1773  -0.6538   0.9781  -0.4424  -5.2166   1.8348   0.7009   0.5233   2.2480   0.0149  -1.2788
  -1.6640  -5.8596  -1.5111  -1.1773  -0.3491  -0.6538  -5.2166   1.8348   0.9781  -0.4424   0.7009   0.0149  -1.2788   0.5233   2.2480
  -4.5040   0.2766   0.2766  -0.6538  -0.6538  -1.2409   1.3668  -0.1650   1.3668  -0.1650  -0.7519  -0.3247   0.4672  -0.3247   0.4672
  -4.1094  -4.2966   1.0292   0.9781  -5.2166   1.3668  -0.7484   0.8248   0.9524  -1.9641  -0.4260  -2.2480  -1.4410   1.2788   0.5072
   2.1769  -1.5118  -2.6405  -0.4424   1.8348  -0.1650   0.8248  -2.3584  -1.9641   2.0826  -0.8998  -0.5508  -0.2421   0.8544   1.4788
  -4.1094   1.0292  -4.2966  -5.2166   0.9781   1.3668   0.9524  -1.9641  -0.7484   0.8248  -0.4260   1.2788   0.5072  -2.2480  -1.4410
   2.1769  -2.6405  -1.5118   1.8348  -0.4424  -0.1650  -1.9641   2.0826   0.8248  -2.3584  -0.8998   0.8544   1.4788  -0.5508  -0.2421
  -0.5454  -1.2360  -1.2360   0.7009   0.7009  -0.7519  -0.4260  -0.8998  -0.4260  -0.8998   0.1824  -0.9293  -0.4776  -0.9293  -0.4776
  -0.8267  -3.3613   0.2930   0.5233   0.0149  -0.3247  -2.2480  -0.5508   1.2788   0.8544  -0.9293  -0.1580  -0.8956  -1.3377   3.4639
   1.6377  -1.4665   3.0090   2.2480  -1.2788   0.4672  -1.4410  -0.2421   0.5072   1.4788  -0.4776  -0.8956  -0.5236   3.4639   0.0764
  -0.8267   0.2930  -3.3613   0.0149   0.5233  -0.3247   1.2788   0.8544  -2.2480  -0.5508  -0.9293  -1.3377   3.4639  -0.1580  -0.8956
   1.6377   3.0090  -1.4665  -1.2788   2.2480   0.4672   0.5072   1.4788  -1.4410  -0.2421  -0.4776   3.4639   0.0764  -0.8956  -0.5236

J,p,t = 3 0 0
| 2 3 >  | 1 6 >  | 0 7 >  | 6 7 >  | 7 8 >  | 6 9 >  | 8 9 >  | 7 10 >  | 6 11 >  
  -3.7917   6.9598  -6.9598  -4.1128  -0.3944   0.3944   5.2031   2.5077  -2.5077
   6.9598  -3.2596   0.5321   0.1428  -0.3816   0.7181  -1.5611   1.1809   0.0448
  -6.9598   0.5321  -3.2596  -0.1428   0.7181  -0.3816   1.5611   0.0448   1.1809
  -4.1128   0.1428  -0.1428   0.4763  -1.7920   1.7920   0.2307   0.5248  -0.5248
  -0.3944  -0.3816   0.7181  -1.7920  -0.4553  -0.4134  -1.7189   0.0425  -0.5388
   0.3944   0.7181  -0.3816   1.7920  -0.4134  -0.4553   1.7189  -0.5388   0.0425
   5.2031  -1.5611   1.5611   0.2307  -1.7189   1.7189  -1.0000  -0.0752   0.0752
   2.5077   1.1809   0.0448   0.5248   0.0425  -0.5388  -0.0752  -1.8525   1.2800
  -2.5077   0.0448   1.1809  -0.5248  -0.5388   0.0425   0.0752   1.2800  -1.8525

J,p,t = 4 0 0
| 6 7 >  | 7 8 >  | 6 9 >  
  -0.6507  -1.0680  -1.0680
  -1.0680  -3.7975   0.8811
  -1.0680   0.8811  -3.7975

J,p,t = 5 0 0
| 6 7 >  
  -2.7506

J,p,t = 6 0 0

[matrix size: 0x0]

J,p,t = 7 0 0

[matrix size: 0x0]

J,p,t = 8 0 0

[matrix size: 0x0]

J,p,t = 9 0 0

[matrix size: 0x0]

J,p,t = 10 0 0

[matrix size: 0x0]

J,p,t = 11 0 0

[matrix size: 0x0]

J,p,t = 12 0 0

[matrix size: 0x0]

J,p,t = 13 0 0

[matrix size: 0x0]

J,p,t = 14 0 0

[matrix size: 0x0]

J,p,t = 15 0 0

[matrix size: 0x0]

J,p,t = 16 0 0

[matrix size: 0x0]

J,p,t = 17 0 0

[matrix size: 0x0]

J,p,t = 18 0 0

[matrix size: 0x0]

J,p,t = 19 0 0

[matrix size: 0x0]

J,p,t = 20 0 0

[matrix size: 0x0]

J,p,t = 21 0 0

[matrix size: 0x0]

J,p,t = 22 0 0

[matrix size: 0x0]

J,p,t = 23 0 0

[matrix size: 0x0]

J,p,t = 24 0 0

[matrix size: 0x0]

J,p,t = 25 0 0

[matrix size: 0x0]

J,p,t = 26 0 0

[matrix size: 0x0]

J,p,t = 27 0 0

[matrix size: 0x0]

J,p,t = 28 0 0

[matrix size: 0x0]

J,p,t = 29 0 0

[matrix size: 0x0]

J,p,t = 0 1 0
| 1 4 >  | 0 5 >  | 3 8 >  | 2 9 >  | 5 10 >  | 4 11 >  
  -4.9715   5.6627  -6.1386   0.4261  -1.6383   4.3509
   5.6627  -4.9715   0.4261  -6.1386   4.3509  -1.6383
  -6.1386   0.4261  -1.8314   1.9128   1.7451  -7.9275
   0.4261  -6.1386   1.9128  -1.8314  -7.9275   1.7451
  -1.6383   4.3509   1.7451  -7.9275  -0.7130   1.9675
   4.3509  -1.6383  -7.9275   1.7451   1.9675  -0.7130

J,p,t = 1 1 0
| 1 2 >  | 0 3 >  | 1 4 >  | 0 5 >  | 3 6 >  | 2 7 >  | 3 8 >  | 5 8 >  | 2 9 >  | 4 9 >  | 3 10 >  | 5 10 >  | 2 11 >  | 4 11 >  
  -1.1812  -3.5606  -0.1852  -9.3872  -6.3045   1.4713  -1.1770   0.4472   4.3940   0.2687  -0.7575   5.5694   0.9536  -1.0641
  -3.5606  -1.1812  -9.3872  -0.1852   1.4713  -6.3045   4.3940   0.2687  -1.1770   0.4472   0.9536  -1.0641  -0.7575   5.5694
  -0.1852  -9.3872  -1.0503   3.0772   0.8165   1.9110  -1.0352  -6.6694  -4.8835   2.5953  -5.5694  -3.1807   1.0641  -0.2012
  -9.3872  -0.1852   3.0772  -1.0503   1.9110   0.8165  -4.8835   2.5953  -1.0352  -6.6694   1.0641  -0.2012  -5.5694  -3.1807
  -6.3045   1.4713   0.8165   1.9110   1.6166  -1.7488   0.9230  -0.2896  -4.3598  -4.0936  -0.7890  -0.1205  -5.4784   0.8609
   1.4713  -6.3045   1.9110   0.8165  -1.7488   1.6166  -4.3598  -4.0936   0.9230  -0.2896  -5.4784   0.8609  -0.7890  -0.1205
  -1.1770   4.3940  -1.0352  -4.8835   0.9230  -4.3598   0.0616  -0.5018   2.5021   1.9338   0.3637   0.8461   2.1214   5.8697
   0.4472   0.2687  -6.6694   2.5953  -0.2896  -4.0936  -0.5018   2.3214   1.9338  -1.6259  -0.1532   0.5251  -2.6728   2.6364
   4.3940  -1.1770  -4.8835  -1.0352  -4.3598   0.9230   2.5021   1.9338   0.0616  -0.5018   2.1214   5.8697   0.3637   0.8461
   0.2687   0.4472   2.5953  -6.6694  -4.0936  -0.2896   1.9338  -1.6259  -0.5018   2.3214  -2.6728   2.6364  -0.1532   0.5251
  -0.7575   0.9536  -5.5694   1.0641  -0.7890  -5.4784   0.3637  -0.1532   2.1214  -2.6728   0.5609  -1.2178  -3.0197   6.7724
   5.5694  -1.0641  -3.1807  -0.2012  -0.1205   0.8609   0.8461   0.5251   5.8697   2.6364  -1.2178  -0.3002   6.7724   1.7690
   0.9536  -0.7575   1.0641  -5.5694  -5.4784  -0.7890   2.1214  -2.6728   0.3637  -0.1532  -3.0197   6.7724   0.5609  -1.2178
  -1.0641   5.5694  -0.2012  -3.1807   0.8609  -0.1205   5.8697   2.6364   0.8461   0.5251   6.7724   1.7690  -1.2178  -0.3002

J,p,t = 2 1 0
| 1 2 >  | 0 3 >  | 3 6 >  | 5 6 >  | 2 7 >  | 4 7 >  | 3 8 >  | 5 8 >  | 2 9 >  | 4 9 >  | 3 10 >  | 2 11 >  
  -5.1809   5.4534  -3.1950  -0.5179   1.0594  -2.3180   1.7706   2.6870  -0.0862  -3.4247  -1.3461   0.8602
   5.4534  -5.1809   1.0594  -2.3180  -3.1950  -0.5179  -0.0862  -3.4247   1.7706   2.6870   0.8602  -1.3461
  -3.1950   1.0594  -0.6853  -1.8161   0.1811   1.2851   1.7721   1.1696   0.5711  -0.8294  -0.8321   3.4107
  -0.5179  -2.3180  -1.8161  -2.2415   1.2851   0.9899  -0.6760  -0.1855  -2.0679   1.4642  -2.0401   3.2311
   1.0594  -3.1950   0.1811   1.2851  -0.6853  -1.8161   0.5711  -0.8294   1.7721   1.1696   3.4107  -0.8321
  -2.3180  -0.5179   1.2851   0.9899  -1.8161  -2.2415  -2.0679   1.4642  -0.6760  -0.1855   3.2311  -2.0401
   1.7706  -0.0862   1.7721  -0.6760   0.5711  -2.0679  -2.6212   1.5735   0.8252  -4.0609  -0.2894  -1.0986
   2.6870  -3.4247   1.1696  -0.1855  -0.8294   1.4642   1.5735  -1.3003  -4.0609   5.8484  -0.1053  -1.4732
  -0.0862   1.7706   0.5711  -2.0679   1.7721  -0.6760   0.8252  -4.0609  -2.6212   1.5735  -1.0986  -0.2894
  -3.4247   2.6870  -0.8294   1.4642   1.1696  -0.1855  -4.0609   5.8484   1.5735  -1.3003  -1.4732  -0.1053
  -1.3461   0.8602  -0.8321  -2.0401   3.4107   3.2311  -0.2894  -0.1053  -1.0986  -1.4732  -2.3198   3.3376
   0.8602  -1.3461   3.4107   3.2311  -0.8321  -2.0401  -1.0986  -1.4732  -0.2894  -0.1053   3.3376  -2.3198

J,p,t = 3 1 0
| 3 6 >  | 5 6 >  | 2 7 >  | 4 7 >  | 3 8 >  | 2 9 >  
  -0.4515   0.1155  -4.3348   0.8303  -1.3047  -4.3332
   0.1155  -2.9925   0.8303   0.0568  -0.8373   9.0231
  -4.3348   0.8303  -0.4515   0.1155  -4.3332  -1.3047
   0.8303   0.0568   0.1155  -2.9925   9.0231  -0.8373
  -1.3047  -0.8373  -4.3332   9.0231  -1.8777   1.2049
  -4.3332   9.0231  -1.3047  -0.8373   1.2049  -1.8777

J,p,t = 4 1 0
| 3 6 >  | 2 7 >  
  -3.3180   8.3950
   8.3950  -3.3180

J,p,t = 5 1 0

[matrix size: 0x0]

J,p,t = 6 1 0

[matrix size: 0x0]

J,p,t = 7 1 0

[matrix size: 0x0]

J,p,t = 8 1 0

[matrix size: 0x0]

J,p,t = 9 1 0

[matrix size: 0x0]

J,p,t = 10 1 0

[matrix size: 0x0]

J,p,t = 11 1 0

[matrix size: 0x0]

J,p,t = 12 1 0

[matrix size: 0x0]

J,p,t = 13 1 0

[matrix size: 0x0]

J,p,t = 14 1 0

[matrix size: 0x0]

J,p,t = 15 1 0

[matrix size: 0x0]

J,p,t = 16 1 0

[matrix size: 0x0]

J,p,t = 17 1 0

[matrix size: 0x0]

J,p,t = 18 1 0

[matrix size: 0x0]

J,p,t = 19 1 0

[matrix size: 0x0]

J,p,t = 20 1 0

[matrix size: 0x0]

J,p,t = 21 1 0

[matrix size: 0x0]

J,p,t = 22 1 0

[matrix size: 0x0]

J,p,t = 23 1 0

[matrix size: 0x0]

J,p,t = 24 1 0

[matrix size: 0x0]

J,p,t = 25 1 0

[matrix size: 0x0]

J,p,t = 26 1 0

[matrix size: 0x0]

J,p,t = 27 1 0

[matrix size: 0x0]

J,p,t = 28 1 0

[matrix size: 0x0]

J,p,t = 29 1 0

[matrix size: 0x0]

J,p,t = 0 0 1
| 1 1 >  | 3 3 >  | 5 5 >  | 7 7 >  | 9 9 >  | 1 11 >  | 11 11 >  
  -8.1009  -2.6261  -1.8570   0.8722   0.7122  -1.9798   1.2589
  -2.6261  -0.8969  -4.8105  -8.7776   1.2285  -8.0037  -4.1068
  -1.8570  -4.8105   2.5047   2.5181  -9.8169  -5.6595  -2.9040
   0.8722  -8.7776   2.5181   2.4988  -3.9041   1.9992   0.1099
   0.7122   1.2285  -9.8169  -3.9041   4.0927   1.6323   0.0898
  -1.9798  -8.0037  -5.6595   1.9992   1.6323  -4.2984   0.9058
   1.2589  -4.1068  -2.9040   0.1099   0.0898   0.9058  -1.1369

J,p,t = 1 0 1
| 3 5 >  | 1 9 >  | 7 9 >  | 1 11 >  | 9 11 >  
  -0.5346  -2.7123  -6.9929  -2.5454   0.0398
  -2.7123   0.9580   1.1644   3.1833   0.8818
  -6.9929   1.1644   0.3121   2.3968  -0.4771
  -2.5454   3.1833   2.3968   0.1427   1.8382
   0.0398   0.8818  -0.4771   1.8382  -0.3985

J,p,t = 2 0 1
| 3 3 >  | 3 5 >  | 1 7 >  | 7 7 >  | 1 9 >  | 7 9 >  | 9 9 >  | 7 11 >  | 9 11 >  
  -1.9951  -1.9679  -2.2284  -4.5433  -5.7812   3.0517  -0.6238  -1.1875   2.3346
  -1.9679  -3.3867  -7.2686   0.2985  -3.1334  -4.2184  -1.7845  -3.0980   1.5643
  -2.2284  -7.2686  -1.3724  -1.0146  -4.1712   1.3475   0.9559   0.5300   0.9941
  -4.5433   0.2985  -1.0146  -1.1814   1.8974  -0.1793  -0.7024  -0.4037   0.6308
  -5.7812  -3.1334  -4.1712   1.8974   0.3305  -1.1874  -0.6706  -0.9941  -0.9358
   3.0517  -4.2184   1.3475  -0.1793  -1.1874  -0.2439  -1.2471   0.3499   1.2242
  -0.6238  -1.7845   0.9559  -0.7024  -0.6706  -1.2471   0.2297  -1.2990  -0.7316
  -1.1875  -3.0980   0.5300  -0.4037  -0.9941   0.3499  -1.2990  -1.4004   2.5188
   2.3346   1.5643   0.9941   0.6308  -0.9358   1.2242  -0.7316   2.5188  -0.3721

J,p,t = 3 0 1
| 1 7 >  | 7 9 >  | 7 11 >  
  -2.7735   0.3534   1.2452
   0.3534  -0.9063  -0.4746
   1.2452  -0.4746  -0.5991

J,p,t = 4 0 1
| 7 7 >  | 7 9 >  
  -0.6193  -1.4496
  -1.4496  -2.7936

J,p,t = 5 0 1

[matrix size: 0x0]

J,p,t = 6 0 1

[matrix size: 0x0]

J,p,t = 7 0 1

[matrix size: 0x0]

J,p,t = 8 0 1

[matrix size: 0x0]

J,p,t = 9 0 1

[matrix size: 0x0]

J,p,t = 10 0 1

[matrix size: 0x0]

J,p,t = 11 0 1

[matrix size: 0x0]

J,p,t = 12 0 1

[matrix size: 0x0]

J,p,t = 13 0 1

[matrix size: 0x0]

J,p,t = 14 0 1

[matrix size: 0x0]

J,p,t = 15 0 1

[matrix size: 0x0]

J,p,t = 16 0 1

[matrix size: 0x0]

J,p,t = 17 0 1

[matrix size: 0x0]

J,p,t = 18 0 1

[matrix size: 0x0]

J,p,t = 19 0 1

[matrix size: 0x0]

J,p,t = 20 0 1

[matrix size: 0x0]

J,p,t = 21 0 1

[matrix size: 0x0]

J,p,t = 22 0 1

[matrix size: 0x0]

J,p,t = 23 0 1

[matrix size: 0x0]

J,p,t = 24 0 1

[matrix size: 0x0]

J,p,t = 25 0 1

[matrix size: 0x0]

J,p,t = 26 0 1

[matrix size: 0x0]

J,p,t = 27 0 1

[matrix size: 0x0]

J,p,t = 28 0 1

[matrix size: 0x0]

J,p,t = 29 0 1

[matrix size: 0x0]

J,p,t = 0 1 1
| 1 5 >  | 3 9 >  | 5 11 >  
   0.4334  -5.6121   2.6003
  -5.6121  -0.1470  -6.1364
   2.6003  -6.1364   1.1217

J,p,t = 1 1 1
| 1 3 >  | 1 5 >  | 3 7 >  | 3 9 >  | 5 9 >  | 3 11 >  | 5 11 >  
  -4.4319  -9.4314  -5.0525   3.1629   0.5695   0.2586   4.4897
  -9.4314   2.2372   2.5967  -5.9893  -4.1957  -4.4897  -3.4333
  -5.0525   2.5967   0.1548  -3.3752  -4.2494  -6.2083   0.7028
   3.1629  -5.9893  -3.3752   2.6475   1.4939   2.5323   6.7421
   0.5695  -4.1957  -4.2494   1.4939   0.8954  -2.7988   3.1099
   0.2586  -4.4897  -6.2083   2.5323  -2.7988  -2.3202   5.4836
   4.4897  -3.4333   0.7028   6.7421   3.1099   5.4836   1.5573

J,p,t = 2 1 1
| 1 3 >  | 3 7 >  | 5 7 >  | 3 9 >  | 5 9 >  | 3 11 >  
   0.2265  -2.1052  -2.8313   1.7091  -0.8051  -0.4574
  -2.1052  -0.5268  -0.5464   2.3604   0.3575   2.5754
  -2.8313  -0.5464  -1.2994  -2.7970   1.3095   1.1859
   1.7091   2.3604  -2.7970  -1.8880  -2.4567  -1.3511
  -0.8051   0.3575   1.3095  -2.4567   4.5243  -1.6147
  -0.4574   2.5754   1.1859  -1.3511  -1.6147   0.9831

J,p,t = 3 1 1
| 3 7 >  | 5 7 >  | 3 9 >  
  -4.6891   0.8330  -5.5678
   0.8330  -2.8326   8.0897
  -5.5678   8.0897  -0.5085

J,p,t = 4 1 1
| 3 7 >  
   5.0546

J,p,t = 5 1 1

[matrix size: 0x0]

J,p,t = 6 1 1

[matrix size: 0x0]

J,p,t = 7 1 1

[matrix size: 0x0]

J,p,t = 8 1 1

[matrix size: 0x0]

J,p,t = 9 1 1

[matrix size: 0x0]

J,p,t = 10 1 1

[matrix size: 0x0]

